31
163200
0 61270 154140 23180 117960 33180 59730 150130 17110 40320 74790 10200 42320 4340 28270 7340 150610 90550 4570 36760 7570 15630 72700 14250 133210 7610 150 2840 30030 102940 6300
1 9 4
1 11 25
1 17 40
1 28 79
1 30 100
2 5 63
2 11 51
2 21 39
2 22 18
2 31 49
3 14 56
3 19 35
3 23 38
3 26 59
3 31 79
4 7 85
4 14 6
4 24 46
4 27 11
4 31 63
5 8 77
5 10 81
5 19 66
6 2 37
6 13 40
6 16 3
6 17 80
7 10 18
7 22 23
7 28 99
7 29 34
8 18 38
8 19 26
8 24 25
9 23 39
9 26 65
9 30 86
9 31 41
10 7 26
10 15 83
10 27 67
10 31 22
11 17 66
11 24 81
11 26 45
11 31 48
12 6 69
12 17 48
12 20 94
12 24 40
13 4 96
13 9 80
13 15 83
13 17 49
14 6 89
14 7 52
14 17 75
14 23 28
14 26 51
15 8 19
15 9 74
15 26 11
16 9 19
16 18 5
16 30 34
17 1 81
17 23 19
17 27 59
18 23 66
18 25 80
18 26 17
19 8 66
19 18 88
19 25 34
20 1 88
20 4 95
20 7 28
20 10 97
20 31 8
21 6 77
21 10 89
21 22 70
22 6 37
22 14 9
22 18 41
23 6 56
23 15 92
23 16 95
23 17 16
24 8 19
24 10 43
24 18 87
24 22 63
24 25 16
25 8 100
25 9 66
25 18 56
25 22 1
25 29 4
26 3 16
26 19 15
26 31 1
27 16 61
27 17 57
27 19 68
27 22 94
27 26 39
28 18 60
28 23 66
28 24 21
29 4 2
29 22 93
29 25 95
29 31 92
30 4 1
30 16 88
30 18 31
30 21 41
30 25 56
31 4 10
31 6 23
31 10 84
31 12 73